415 410.59310362843246
830 312.5734752406916
1245 256.5424615059933
1660 220.25220394979962
2075 198.7856290859427
2490 183.45472230514022
2905 170.09696308896886
3320 159.3294606601862
3735 152.2625551642655
4150 144.0276736526633
4565 139.65985121575827
4980 133.0444214296808
5395 130.30094907198898
5810 124.84733125620843
6225 121.84395354029535
6640 118.7748054477838
7055 116.32928085913666
7470 114.08492634363732
7885 111.85362091691474
8300 109.37638120276719
8715 108.52585143899462
9130 106.22235113083796
9545 104.95167720466839
9960 103.57751277142869
10375 102.97391544064314
10790 102.55837297377359
11205 100.71292770862249
11620 100.1621882372895
12035 99.25537679865346
12450 98.05038034715717
12865 97.51668071944256
13280 97.08689984075704
13695 96.94121200187043
14110 96.00950442808873
14525 95.39896655441257
14940 95.03799739968429
15355 94.49966373913178
15770 94.08174403917832
16185 94.09837423503258
16600 93.57158952010265
17015 93.32067530960425
17430 93.722978181306
17845 93.01159553616637
18260 92.84840749306404
18675 92.67442798681613
19090 92.54983537036895
19505 92.475724642058
19920 92.16327105985984
20335 92.3748491732055
20750 92.45275844991114
21165 92.17674908610947
21580 91.98386920947765
21995 92.27776023613964
22410 91.98184186382552
22825 92.29892247795046
23240 92.1734672982001
23655 91.977397454714
24070 91.46508388022094
24485 92.4839954357419
24900 91.91500347731687
25315 91.95393141667138
25730 91.82731044101985
26145 92.20574328781487
26560 92.29872687124264
26975 92.4689439270379
27390 89.65524285269807
27805 89.55239559833775
28220 89.52913082463417
28635 89.60577940151354
29050 89.56552977100341
29465 89.52324917203748
29880 89.39474622409533
30295 89.48049548271874
30710 89.50909684335029
31125 89.49373290727127
31540 89.59305704490616
31955 89.60437415696573
32370 89.54787879912129
32785 89.63924592404337
33200 89.60198149398379
33615 89.59742421743167
34030 89.59074063109934
34445 89.6145151997614
34860 89.68154329467832
35275 89.6642875101277
35690 89.70979065321697
36105 89.71287064732621
36520 89.8480000527688
36935 89.70800354462037
37350 89.70807959106946
37765 89.80699451005938
38180 89.74508383418643
38595 89.82492499309443
39010 89.72922300414292
39425 89.52613303083399
39840 89.46468141390933
40255 89.4355256280314
40670 89.44424482799025
41085 89.43999885052749
41500 89.42741374444421
FINAL 85.4288373934333
