415 437.85507950834585
830 353.9875870193857
1245 313.4201449353526
1660 287.2811709164303
2075 268.9868679436862
2490 255.513920817468
2905 244.07912910515242
3320 233.41157086108336
3735 226.12307341801372
4150 219.2166312758945
4565 212.868305933368
4980 208.32855282979205
5395 203.89624682690902
5810 199.32256022569558
6225 195.51885232342573
6640 191.91735167667173
7055 189.7021904880161
7470 186.71102926771917
7885 183.56151545026003
8300 181.44702939973197
8715 178.90339928112095
9130 176.35378743281407
9545 174.34597439201315
9960 172.53783398107205
10375 171.3533194452724
10790 169.63128160804044
11205 168.04602635117712
11620 166.21915112418654
12035 165.003795281449
12450 163.88211735916437
12865 162.42829840637322
13280 161.2604809999383
13695 159.41896652441835
14110 157.9753431511766
14525 157.48489717524234
14940 156.1270657782168
15355 155.26941619822668
15770 154.10923334252578
16185 153.3617661135846
16600 152.82811052400584
17015 151.70758033118375
17430 150.89045209521984
17845 149.73277673608766
18260 148.80135371675547
18675 148.14931579060334
19090 148.08810442064487
19505 146.8201906617743
19920 146.68328518160578
20335 145.57744720824024
20750 144.31408480612245
21165 144.64428136310687
21580 143.3826358812897
21995 143.29126169014398
22410 142.82690897069153
22825 141.66035057097343
23240 141.32732118089402
23655 140.5392352880202
24070 140.37206702177212
24485 139.82374142118076
24900 139.3765330442386
25315 139.48101762915678
25730 138.40559890864677
26145 138.09807270796654
26560 137.0403448292639
26975 137.33759864953748
27390 136.7951541719467
27805 135.9443833842703
28220 135.99452267276757
28635 135.73894796169307
29050 135.1766312002651
29465 134.44740232737806
29880 134.8043241724461
30295 133.65711257626475
30710 133.51306942162304
31125 133.16633945396626
31540 132.6078226946515
31955 132.50258965558973
32370 131.89250751481188
32785 132.12818265935715
33200 131.94970902392518
33615 131.7557829772802
34030 130.81736433394056
34445 130.6790956286143
34860 129.77832106768804
35275 130.60102044163185
35690 130.43229394482952
36105 129.79889539976747
36520 129.79966562526158
36935 129.17048895332908
37350 129.08215333363668
37765 128.5725335028912
38180 128.50791731902657
38595 127.61561771820227
39010 127.9061979319007
39425 127.53996747058186
39840 127.75178213274249
40255 127.03681314729627
40670 127.08334393725805
41085 127.11949245403353
41500 126.86032353467778
FINAL 122.17034210181467
