415 9179.553268808193
830 507.70317177023986
1245 443.7116885303971
1660 392.1894293509792
2075 359.1697063658361
2490 329.1908392341747
2905 307.62783883399106
3320 283.898382750458
3735 264.80898061576613
4150 250.56057661661893
4565 237.03481792543167
4980 226.33498668360414
5395 216.47505354212663
5810 207.95845862521497
6225 202.05285548720647
6640 193.5640508118827
7055 188.59022727466666
7470 183.62081130176665
7885 178.24792261033775
8300 174.01139257149887
8715 170.49301690711906
9130 167.43607791714172
9545 163.44058570282598
9960 161.00177476667895
10375 157.39667733538087
10790 155.5486430096433
11205 153.42398678481408
11620 150.91207067392327
12035 148.93790031806373
12450 244.21251803081117
12865 145.07346141101797
13280 143.45491376403731
13695 141.85340170683818
14110 140.15815839067787
14525 138.69252792556986
14940 137.03929929839487
15355 135.81324424994978
15770 134.77867186666168
16185 133.96292554281234
16600 132.5186529378758
17015 131.37307303638593
17430 130.4792388574133
17845 130.1222410681371
18260 128.92008834819933
18675 127.74311870430489
19090 126.96446577976673
19505 126.53998813506459
19920 125.17202933995372
20335 124.66548158337694
20750 124.50072937235974
21165 122.67785264634236
21580 122.36470715056275
21995 121.85159712157684
22410 120.99736128451595
22825 120.90877261639332
23240 120.02832778670019
23655 119.57239256887433
24070 119.55637832320758
24485 118.9034015211849
24900 118.51757827761554
25315 118.48729086660056
25730 116.92826790989857
26145 117.06707051784603
26560 116.91379709256711
26975 116.22799954873236
27390 115.95662672590066
27805 115.71805833583524
28220 115.04644274679113
28635 115.09233791843036
29050 114.31310202560802
29465 114.19997368112705
29880 114.68207837487856
30295 113.87496680158212
30710 113.3263921309598
31125 112.876919183184
31540 112.83405956859319
31955 112.37048724158322
32370 112.14932640455774
32785 112.0771438559161
33200 112.04285086450567
33615 111.64365084232011
34030 111.03464370072562
34445 111.0963128481329
34860 111.20990186727981
35275 110.77380010854483
35690 110.30204723646195
36105 110.3910055875416
36520 110.37374149869714
36935 110.2306798746424
37350 109.68673563822281
37765 109.55459404468917
38180 110.03056515871646
38595 109.42140578810313
39010 108.93744930966858
39425 109.39603950467813
39840 108.7340595266239
40255 108.43628187847915
40670 108.71465841925706
41085 108.63059625198417
41500 108.32437796297556
FINAL 102.44342397525278
