415 266.5809901892742
830 212.6277207591809
1245 188.25200637508811
1660 170.86782995237553
2075 160.57079372285963
2490 152.67084816584648
2905 146.191890589578
3320 141.08187511935336
3735 136.38185097647417
4150 132.99638448048657
4565 129.5132922168433
4980 126.63694305133826
5395 124.4094702370012
5810 121.21146174875307
6225 119.55252711572632
6640 117.02524875765796
7055 115.11453609266333
7470 113.73599587508828
7885 112.73892733056208
8300 110.82536546520383
8715 109.68724704370342
9130 108.55713543855524
9545 107.35318024511086
9960 106.65866123942564
10375 105.18391951141756
10790 104.39147414782835
11205 103.9560662750577
11620 102.51287008054739
12035 102.04701147549412
12450 101.3021125972257
12865 100.46768711073784
13280 100.10578240140865
13695 99.18598571021134
14110 98.81931524114214
14525 98.14954908050728
14940 97.6472562082635
15355 96.93923974792612
15770 96.4969920535376
16185 95.37284889219289
16600 95.57190337627708
17015 94.85782430172516
17430 94.71688650439356
17845 94.39001900126982
18260 93.90107535168578
18675 93.55711444431506
19090 93.09931463406008
19505 92.88627403485332
19920 92.3483851547967
20335 92.13417305886134
20750 91.58747860062952
21165 91.441981096563
21580 91.22248616441391
21995 90.61361815659112
22410 90.83815470498239
22825 90.36305192196893
23240 90.11673075693066
23655 89.98619353455187
24070 89.83688063725363
24485 89.68549662909439
24900 89.2046250390061
25315 89.10694010464773
25730 88.66922493204886
26145 88.52577435412265
26560 88.46542185412657
26975 88.32069126449203
27390 87.96979885915022
27805 87.75562556011651
28220 87.97830058310548
28635 87.20925513080249
29050 87.37927068258702
29465 87.1508714032779
29880 87.2980881136641
30295 86.9046865203844
30710 86.68737428666438
31125 86.93872873332441
31540 86.59431776356509
31955 86.36504170837681
32370 85.97303887599357
32785 86.20226076958978
33200 85.8991700570208
33615 85.95613232099194
34030 85.86855570090928
34445 85.67823471545998
34860 85.5549608522287
35275 85.54502538923948
35690 85.38657672203378
36105 85.19143806157602
36520 85.36406854570882
36935 85.20794139904837
37350 84.77310052255201
37765 84.87621479401511
38180 84.81331743432065
38595 84.59334629773197
39010 84.86207770634189
39425 84.64786396543917
39840 84.40535085429305
40255 84.28765953872421
40670 84.28476580125947
41085 84.30609605061954
41500 84.26297664841017
FINAL 80.64859915812728
